K=3.79
T=40